100111101010 010100101100
000010000000 010110100011
010100010110 010110000001
011001111111 011110010111
010000111101 000011100010
010001001010 000010010011
100011110111 101011000000
000010001010 011101110100
000101101101 001101010001
001011111101 010001101000
000001001110 100000111010
001011001100 000100011001
010010001110 010010111100
000111100101 010000000010
001101100110 000101111110
000110101100 000100101100
001110000100 001001111010
000001000011 000010111100
000100100011 001111011011
000110001000 000011000010
000100010111 000000110011
001100000111 001100010010
010110000000 001000010111
011110000111 000010110001
000011110100 001110000010
001100011001 001110111001
000101100001 011000111101
001000001111 001101010110
010100111101 100111000100
000010101000 000101100001
001011001101 010100011001
001111101110 001100010110
000001110101 001000101001
001111000001 011001100010
001011111001 010010101001
011001100000 010111111101
010100111001 010111000010
000000101010 001001101000
010100100010 010110110000
011011001111 000011001101
010010101000 001100100011
010011110010 000010010110
011001100101 000000010001
001100111100 000011011001
011101110110 001000011001
000100101111 011100010101
001110010010 000000111010
010100011101 010000010101
000101011101 010110000100
010111011110 001011011010
